10	1	63
1003	3	316
101	1	63
1010	2	171
1012	2	51
102	2	248
1020	4	188
1022	1	208
1028	1	151
1030	3	61
1031	3	31
1033	4	297
1034	1	81
1037	2	138
1039	4	180
104	1	161
1044	4	178
1046	1	69
1055	1	61
1057	1	166
1058	2	208
1059	2	170
1072	2	143
1075	3	247
1076	2	86
1078	2	216
1079	1	141
108	1	129
1086	3	59
109	2	223
1092	1	138
1104	2	131
1112	1	148
1113	1	121
1114	1	103
112	3	161
1124	2	11
1125	3	126
1128	1	16
113	1	121
1133	1	126
1137	3	201
1138	1	154
1140	1	131
1142	3	61
1147	1	128
1154	2	51
1160	1	11
1161	3	91
1164	1	113
1167	2	161
117	1	178
1171	1	123
1180	1	61
1189	1	121
1199	1	51
12	1	201
120	3	421
1202	3	189
1204	1	21
1211	1	31
1217	1	111
1228	1	298
1230	1	116
1231	1	101
1234	1	136
124	1	455
1251	1	3
1255	2	205
1260	3	266
1263	1	109
1264	1	108
1265	2	113
1268	4	178
1273	3	221
1276	1	101
1277	1	11
1290	3	155
1291	1	116
1292	1	116
1293	1	141
13	1	58
1303	1	113
1310	1	118
1313	4	189
1317	1	108
1328	4	151
133	5	199
1332	5	373
1334	1	128
1336	1	1
1339	4	202
1340	2	278
1341	2	121
1343	2	31
1352	1	111
1356	1	11
1357	1	151
136	1	61
1371	1	133
1378	1	111
138	1	131
1380	1	11
1388	1	111
139	4	211
1390	1	134
1391	1	116
1395	1	111
1396	3	176
1399	1	111
1400	3	138
1406	1	16
1407	1	121
1408	5	53
1427	1	31
1428	1	54
1433	2	136
1436	1	103
1438	1	1
1439	1	51
144	2	203
1441	1	101
1444	1	1
1447	3	166
1449	3	41
1453	1	104
1462	5	220
1464	2	155
1470	4	248
1472	1	6
1475	1	9
1483	2	58
1485	1	108
1490	1	38
1492	1	111
1493	1	121
1496	1	113
1499	1	121
15	1	128
1500	2	121
1506	1	121
1510	1	221
1511	2	101
1512	1	21
152	3	131
1527	1	183
1528	1	121
1529	1	243
1532	2	118
1534	4	201
1536	3	66
1537	1	173
1538	1	148
1542	4	60
1551	1	1
1559	1	173
1560	4	195
1562	1	101
1567	1	143
1571	3	131
1573	2	121
1578	1	26
158	3	252
1580	5	160
1581	1	118
1582	3	138
1585	1	108
1586	1	103
1589	1	11
1598	1	116
1606	3	188
1607	3	176
161	1	151
1611	1	6
1616	3	222
1617	3	128
1618	1	111
162	1	113
1621	5	185
1624	1	113
1625	1	11
1627	2	81
1629	1	121
1632	1	61
1634	2	119
1637	2	90
1638	2	115
1642	2	59
1648	3	41
1650	1	31
1651	1	11
1660	2	105
1661	2	221
1662	1	153
1665	1	118
1666	1	106
1667	1	121
1669	5	71
1673	2	118
1676	1	18
1679	3	121
168	2	131
1680	1	21
1684	1	175
1693	4	250
1699	1	331
170	1	11
1700	1	21
1704	1	109
1710	2	123
1713	3	167
1719	2	123
1721	1	123
1725	4	68
1729	4	80
1736	1	19
1739	1	1
1740	2	1
1741	1	103
1742	1	111
1744	1	133
1748	1	141
175	2	221
1762	1	101
1764	2	86
1766	1	116
1770	1	161
1772	1	36
1774	3	128
1783	1	21
1788	1	18
1789	3	166
179	1	161
1790	1	16
1793	1	21
1796	2	43
1799	1	21
180	1	133
1801	1	116
1803	1	24
1804	1	178
1805	1	131
1810	1	133
1812	1	16
1818	1	123
1821	4	191
1823	1	46
1824	1	106
1826	1	16
1830	1	126
1833	1	21
1834	1	113
1836	1	31
1839	1	148
1841	2	111
1842	1	31
1845	1	36
1846	1	111
1847	1	101
1851	1	1
1858	2	109
1865	1	104
1871	1	41
1873	4	49
1877	1	21
1878	1	136
1879	1	6
1880	1	141
1882	1	111
1888	1	71
1890	1	16
1891	1	101
1910	1	41
1911	1	311
1912	1	161
1913	1	61
1914	4	191
1915	1	81
1916	1	161
1918	1	1
1920	1	81
1921	2	150
1922	1	221
1924	2	146
1925	1	161
193	1	201
1937	2	31
1939	3	168
1947	1	151
1950	1	148
1952	1	113
1953	1	111
1959	2	118
1962	2	170
1964	1	76
1974	1	128
1975	1	11
1978	1	111
1983	1	28
1985	2	145
20	3	181
2000	3	169
2004	1	118
2005	2	220
201	3	206
2010	3	101
2025	4	145
2027	4	214
2032	1	1
204	2	161
2041	1	108
2045	1	61
2050	4	135
2057	1	103
206	1	61
2063	1	111
2078	1	109
2090	1	101
2093	3	199
2096	1	131
2098	1	10
2101	1	11
2103	2	101
2105	3	146
2107	1	111
2108	1	132
2110	1	23
2118	2	141
2123	1	1
2124	2	138
2125	1	20
2131	2	148
2132	1	133
2144	1	1
2151	3	148
2158	1	14
2167	1	21
2169	1	161
217	3	301
2174	2	110
2175	1	11
2176	2	148
218	1	298
2183	2	200
219	2	141
2191	2	31
2192	1	11
2196	1	11
2201	2	41
2212	2	223
2213	1	161
2216	1	21
2219	1	36
222	1	183
2222	1	71
2223	2	135
223	1	131
2230	1	17
2233	1	108
2237	3	67
2238	1	6
224	3	347
2240	1	118
2242	2	11
2243	1	143
2246	1	21
2250	1	11
2251	1	101
2255	1	121
2259	2	149
2261	2	173
2262	1	111
2263	1	8
2265	4	41
2272	1	61
2275	2	148
2277	1	106
2278	1	21
2279	2	201
2284	1	113
2286	1	141
2288	1	136
2289	1	31
2291	1	8
2293	4	46
2294	1	190
2295	1	133
2296	4	320
2298	1	118
2304	5	45
2308	3	142
231	1	41
2314	1	128
2315	4	177
2316	1	11
2317	1	104
2327	1	106
233	1	24
2332	4	57
2335	1	26
2336	1	41
234	1	158
2348	1	121
2359	1	131
2363	1	111
2368	1	116
2375	2	125
238	2	188
2380	1	21
2381	3	198
2382	1	101
2388	1	128
2393	2	51
2397	1	116
24	1	161
240	1	166
2403	1	101
2404	1	21
2405	1	113
2407	1	178
2413	1	58
2418	3	106
2419	2	210
2422	1	11
2429	1	31
243	1	155
2435	1	176
2436	1	11
2437	1	201
2438	1	138
244	2	360
2440	1	51
2442	5	156
2446	1	1
2452	3	81
2456	1	176
2459	2	93
246	1	131
2469	2	186
2481	2	33
2482	1	131
2483	1	123
2489	2	21
2495	1	109
250	2	136
2506	4	43
2507	1	21
2510	1	101
2511	1	11
2514	1	121
2517	1	104
2519	2	71
252	1	66
2520	1	16
2521	1	1
2523	2	107
2526	2	150
2527	1	21
2535	3	36
2538	1	148
2540	1	31
2546	1	111
2548	2	11
2549	2	11
255	1	21
2550	1	228
2556	1	26
2559	1	1
2561	1	21
2564	1	116
2567	1	36
2568	5	244
2573	3	66
2574	1	11
2578	1	8
2579	1	11
2580	1	21
2581	2	11
2584	1	19
2586	1	41
2589	2	140
2590	1	11
2592	1	106
2593	1	21
2595	1	71
2597	1	139
2599	1	11
26	1	193
2600	2	141
2615	1	21
2619	2	146
2626	1	26
2630	5	156
2634	1	101
2635	2	150
2636	4	90
2639	1	128
2641	1	41
2642	1	216
2644	1	116
2645	1	118
2648	1	128
265	4	101
2652	1	121
2654	1	64
2657	2	25
2658	1	102
2668	1	21
2669	1	101
2674	2	151
2685	1	114
2688	1	128
2693	1	121
2696	1	26
27	4	317
2701	2	151
2702	1	123
2703	1	129
2705	1	176
2713	2	133
2721	2	121
2724	1	21
2725	1	21
2729	1	1
273	4	54
2731	1	115
2732	1	13
2734	1	11
2742	1	134
2749	1	123
2754	1	11
2755	1	21
276	3	187
2761	1	111
2762	1	16
2769	2	125
2770	2	93
2772	2	124
2778	1	118
2786	1	11
2787	1	111
2788	1	21
2792	1	11
2794	1	121
2795	1	146
2802	1	11
2803	1	111
2804	1	31
281	5	241
2810	1	11
2819	4	51
2823	2	144
2826	1	105
2830	1	21
2832	1	11
2834	1	11
2838	1	11
2839	2	11
2851	3	110
2852	2	123
2855	1	16
2856	1	11
2860	2	103
2863	1	21
2864	3	49
2866	2	41
2867	1	16
2869	2	136
2871	1	11
2872	1	16
2875	1	21
2880	2	111
2881	1	1
2883	2	121
2884	2	41
2885	2	155
2889	1	116
289	3	51
2893	2	346
2895	2	128
2899	1	118
2902	2	111
2903	2	36
2906	2	151
2909	1	66
2914	1	1
2920	1	124
2922	3	122
2931	1	46
2934	1	136
2936	1	4
2937	1	9
2939	1	16
2945	2	23
2946	5	141
2947	4	186
2948	1	36
2949	1	59
2954	2	26
2959	5	123
2962	1	6
2965	1	9
2968	1	158
2969	2	166
2970	1	86
2974	3	31
2979	1	9
2982	1	131
2989	1	166
2990	2	9
2994	1	11
2996	2	21
3004	3	131
3005	1	111
3007	2	125
3015	4	191
3017	1	24
3021	3	262
3022	2	96
3023	1	31
3026	1	31
3028	1	106
3030	1	155
3031	1	31
3032	1	6
3039	1	111
3041	1	111
3051	4	173
3053	2	31
3056	1	31
3061	1	101
3064	1	11
3066	1	11
3067	1	121
3069	1	128
3071	1	31
3072	1	11
3078	1	11
308	1	51
3089	1	11
309	2	151
3092	1	21
3093	1	11
3098	2	11
3104	1	115
3106	4	161
3108	2	121
311	4	288
3113	1	31
3114	1	11
3116	1	6
3119	1	1
3123	1	193
3125	4	229
3130	2	8
3132	1	123
3139	1	61
3142	1	6
3144	1	138
3155	1	11
3157	1	13
3158	1	11
3161	2	151
3164	1	21
3167	2	144
3169	1	118
3173	1	1
3174	1	11
3175	1	171
3177	1	11
3182	1	108
3183	3	163
3184	5	117
3186	2	121
3188	1	31
3191	1	13
3194	1	1
3195	1	16
3198	1	108
3199	1	128
3204	1	136
3209	1	11
3210	1	1
3214	1	1
3216	2	149
3218	1	101
3219	1	1
322	1	160
3220	1	31
3224	1	13
3227	1	131
3228	1	108
3229	1	1
3232	1	6
3235	1	281
3236	1	11
3238	1	42
3239	1	128
324	2	183
3242	1	118
3245	1	11
3246	1	41
3253	3	21
3254	1	261
3258	2	178
3260	1	111
3267	1	31
3270	1	31
3271	2	43
3273	1	11
3276	1	111
3279	5	133
3284	1	21
3288	1	51
3289	1	16
329	3	61
3290	1	116
3294	1	101
3298	5	156
3300	1	21
3302	2	121
3304	4	223
3317	1	26
3318	1	21
3320	2	149
3321	1	11
3323	1	108
3331	2	19
3334	1	1
3336	2	161
3340	1	11
3344	1	101
335	1	211
3351	1	106
3354	1	4
3355	1	8
3356	1	103
3358	1	21
3365	3	41
3371	1	99
3374	1	143
3389	1	8
3390	1	1
3391	1	43
3392	5	173
3398	3	142
34	1	236
340	3	187
3406	1	151
3409	1	21
341	1	109
3412	4	71
3417	1	11
3420	1	128
3423	1	8
3427	3	183
3432	1	118
3439	1	11
3443	1	84
3444	2	121
3448	5	178
3449	1	11
345	1	61
3451	1	138
3454	1	11
3457	1	131
3459	1	18
346	5	261
3463	1	121
3464	1	11
3469	1	26
3475	1	6
3478	1	8
348	3	52
3480	1	1
3487	1	11
3494	1	121
3496	1	21
35	5	300
3501	1	16
3504	2	120
351	3	209
3516	1	113
3517	1	1
3518	1	18
3521	1	131
3523	1	139
3526	1	31
3529	1	6
3530	1	1
3534	1	1
3538	4	218
3540	1	21
3541	1	108
3542	1	123
3547	1	101
3549	1	106
3550	1	21
3552	1	11
3553	2	21
3554	1	6
3556	1	128
3560	1	21
3562	2	121
3563	1	11
3565	1	6
3570	1	11
3574	1	66
3578	5	33
358	3	133
3580	1	11
3581	3	148
3584	1	193
3585	1	136
3586	1	1
3593	1	31
3594	1	16
3598	1	29
36	1	128
3600	1	11
3604	1	11
3605	1	6
3614	1	123
3615	1	21
3624	1	1
3628	1	133
3630	1	11
3632	1	36
3636	1	41
3637	1	61
3638	2	6
3644	5	156
3645	1	21
3652	1	1
3656	1	21
3659	1	11
366	1	101
3660	1	6
3662	1	11
3665	2	16
3666	1	101
3667	1	101
367	1	131
3672	3	95
3673	1	1
3679	4	214
3685	1	61
3687	1	21
3688	1	9
3708	1	11
371	1	163
3713	1	131
3723	4	118
3724	1	108
3725	1	36
3731	1	11
3736	1	11
3744	1	136
3751	1	21
3752	1	11
3753	1	7
3755	4	41
3756	1	131
3757	1	8
3762	2	46
3764	2	220
3765	4	81
3766	1	41
3770	1	11
3772	1	108
3776	1	13
3787	1	1
3790	2	189
3791	1	123
3793	3	151
3795	1	21
3796	1	51
38	2	396
3803	1	14
3804	2	131
3805	3	186
3806	5	156
3808	1	11
3809	1	11
3811	2	21
3813	3	11
3814	4	147
3815	1	38
3817	1	51
382	1	95
3822	1	1
3824	1	1
3825	3	161
3826	1	11
3828	1	6
3830	1	11
3832	1	11
3834	1	131
3836	1	128
3839	3	185
3841	1	121
3843	1	23
3847	1	158
3848	1	121
3849	1	11
385	3	237
3856	1	1
3858	3	77
386	1	126
3864	1	11
3870	1	113
3873	1	1
3875	2	124
3877	1	108
3878	1	26
388	4	248
3883	1	11
3884	1	111
3892	1	19
3895	1	18
3896	2	198
390	1	43
3904	2	116
3905	1	11
3912	1	11
3913	4	215
392	2	161
3925	2	116
393	1	131
3930	2	185
3932	1	21
3936	1	31
3938	2	147
3940	1	11
3942	1	126
3943	1	21
3945	1	29
3951	1	104
3953	1	111
3955	2	141
3958	1	11
3960	1	126
3965	1	6
3968	1	6
3971	1	113
3982	1	106
3988	1	1
3989	1	18
3990	1	114
40	1	151
400	3	186
4003	3	101
4005	2	172
4007	2	175
4009	1	11
4012	1	128
4015	5	318
4016	1	58
4018	2	5
402	1	111
4022	2	41
4023	1	101
4024	1	16
4025	1	61
4028	1	1
403	1	163
4032	1	103
4033	1	11
4035	2	25
4037	1	21
4038	1	119
404	1	101
4041	1	16
405	1	143
4052	1	121
4054	1	21
4061	1	133
4064	4	152
4067	1	116
407	3	86
4070	2	51
4071	2	23
4072	1	11
4075	1	21
4078	1	38
408	1	138
4082	1	111
4085	1	1
4086	1	6
4087	1	109
4089	1	21
409	1	101
4090	1	11
4094	1	11
4095	1	36
4098	1	101
41	2	246
4102	1	11
4103	1	11
4106	1	123
4107	5	170
4108	1	26
4109	1	13
4112	1	11
4113	1	103
4116	2	135
4117	1	123
4120	1	16
4121	1	26
4123	3	151
4124	1	21
4129	1	1
4130	1	108
4131	1	1
4132	1	51
4133	1	11
4134	1	56
4139	1	153
4147	1	9
4152	1	21
4155	1	11
4158	1	9
4162	1	21
4165	3	174
4166	1	31
4170	1	11
4171	1	165
4172	1	31
4178	4	181
4179	1	31
4181	1	108
4185	1	29
4186	5	283
4190	1	21
4191	1	11
4195	1	91
4199	1	1
420	1	101
4201	1	1
4202	1	11
4204	3	149
4205	1	108
4208	1	11
4209	1	1
4211	1	21
4213	1	138
4215	2	56
4216	1	1
4222	1	16
4227	1	11
4230	1	11
4232	5	191
4233	1	121
4254	4	164
4255	1	33
4258	1	121
4259	4	137
4260	1	76
4263	1	1
4269	3	21
4270	1	6
4271	1	6
4275	1	116
4278	1	19
4283	1	21
4285	1	11
4295	1	116
4297	1	11
4299	1	108
43	2	171
430	1	101
4302	1	11
4303	1	1
4307	2	215
4309	1	1
4312	1	11
4319	1	11
4327	1	11
4328	1	111
4329	1	11
433	1	123
4330	1	11
4331	1	1
4337	1	131
4338	1	181
4339	1	1
4341	1	1
4342	1	21
4344	1	11
4346	1	19
4347	2	135
4348	2	76
435	1	76
4354	1	11
4355	1	116
4358	3	180
4366	2	43
4367	3	148
4370	3	21
4372	1	1
4377	1	113
4379	1	8
438	2	51
4383	2	126
4385	1	23
4386	2	141
4389	1	112
439	1	128
4393	1	108
4394	1	178
44	2	311
4405	1	141
4407	1	1
4413	1	11
4419	1	6
4423	1	11
4424	1	1
4427	1	113
443	1	135
4430	1	28
4431	1	101
4438	1	16
4444	3	155
4449	2	9
4452	1	21
4454	1	1
4460	1	21
4462	1	21
4467	1	6
4468	1	11
4469	1	31
4470	1	131
4471	1	104
4473	1	39
448	1	131
4480	1	6
4482	2	11
4483	2	181
4484	2	21
4488	1	121
449	2	181
4492	2	36
4493	5	31
4497	2	51
4501	2	71
4504	1	11
4509	1	128
4510	1	11
4511	1	9
4513	1	21
4514	1	26
4515	1	16
452	2	118
4521	1	7
4523	1	131
4524	1	21
4526	2	91
4527	1	11
4532	1	6
4535	4	86
4537	5	396
4543	1	1
4544	1	11
4548	1	140
4550	1	16
4552	2	140
4553	1	138
4555	1	11
4557	1	11
4558	1	11
4560	2	16
4564	5	193
4565	3	51
4568	3	176
4569	1	19
4572	2	18
4573	1	1
4576	1	111
4585	1	11
4587	1	111
4589	4	196
4590	1	1
4593	1	4
4594	2	111
4595	1	13
4598	2	121
4599	1	11
46	2	391
460	5	275
4600	1	31
4604	1	21
4605	1	11
4609	1	6
461	1	116
4610	2	135
4612	1	31
4615	1	11
4616	1	11
462	1	113
4620	2	115
4621	5	106
4622	1	11
4624	1	6
4625	1	21
4626	1	11
4627	2	48
4629	3	145
4634	1	13
4636	1	11
4637	1	49
4641	1	173
4642	2	31
4643	1	16
4645	1	131
4652	1	16
4654	1	9
4658	1	14
4661	1	6
4663	1	6
4664	4	31
4667	1	161
4669	1	101
4672	1	14
4673	1	6
4676	3	29
4677	3	21
4682	1	41
4685	1	146
4689	1	18
4690	1	131
4691	3	110
4692	1	31
4693	3	21
4698	1	11
4703	1	11
4706	1	123
4707	1	11
4708	1	11
4709	1	104
4710	1	101
4711	1	21
4712	1	26
4713	1	141
4717	1	31
4721	2	120
4726	1	19
4731	2	175
4734	5	103
4737	2	46
4744	1	1
4745	1	11
4746	1	56
4747	1	1
4748	1	104
475	4	302
4750	1	1
4756	1	31
4757	2	150
4758	1	41
4759	1	1
476	1	101
4763	1	11
4770	3	131
4771	1	163
4772	1	11
4773	1	61
4777	1	11
478	2	156
4780	1	11
4781	2	133
4784	2	48
4785	1	123
4787	2	40
4788	2	31
4789	1	19
4790	1	1
4792	1	6
4795	1	6
4797	1	13
4799	1	11
48	3	149
480	1	231
4801	2	128
4802	2	131
4807	2	129
481	1	208
4811	1	9
4815	1	11
482	1	123
4825	4	166
4826	1	111
4830	1	11
4833	2	121
4835	3	11
4836	1	11
4838	1	21
4839	1	76
484	3	161
4841	2	146
4842	1	79
4843	1	6
485	1	123
4852	3	11
4854	2	47
4857	1	11
4860	1	89
4861	1	41
4863	1	51
4866	1	9
4868	1	11
4871	1	19
4874	1	11
4876	2	21
4877	1	9
4879	1	11
4880	3	86
4883	1	23
4886	1	136
4887	1	9
4888	1	21
4891	3	192
4895	2	121
4897	1	6
4898	2	131
4899	1	123
49	4	340
490	3	131
4901	1	18
4906	1	1
491	5	485
4913	1	31
4915	1	16
4916	1	16
4917	4	45
4919	3	97
4921	1	21
4924	2	154
4930	1	1
4935	1	11
4939	1	191
494	3	196
4940	1	121
4943	3	161
4945	1	61
4946	1	19
4948	1	21
4950	1	21
4951	1	26
4952	2	158
4961	5	205
4964	2	198
4967	1	101
4969	1	6
4970	1	118
4979	2	109
498	1	121
4983	1	9
4984	2	11
4989	1	153
4990	1	11
5000	1	11
5002	1	21
5003	1	6
5004	1	26
5006	4	152
5007	1	36
5011	1	131
5014	1	113
5017	1	31
5022	2	294
5026	1	56
5027	1	1
5028	1	111
5029	1	123
5034	2	121
5039	1	19
5044	4	104
5045	1	21
505	1	11
5051	1	11
5052	1	11
5054	1	21
5056	1	26
506	2	241
5062	1	21
5063	2	21
5065	1	31
5067	1	76
5069	1	61
507	1	101
5072	2	1
5073	1	1
5083	1	1
5094	1	16
5095	1	21
51	3	241
5101	1	23
5103	1	14
5105	1	21
5107	1	121
5113	1	119
5114	1	111
5122	1	31
5128	1	53
5129	1	121
5133	1	7
5136	1	31
5142	3	43
5143	1	1
5144	2	111
515	1	156
5160	1	3
5168	5	76
5169	2	128
517	1	143
5170	2	133
5171	5	381
5173	5	71
5174	1	47
5175	1	21
5176	1	21
518	4	126
5189	2	51
519	4	229
5192	1	31
5195	1	3
52	2	198
5200	2	51
5201	1	16
5203	1	31
5205	1	21
5206	1	110
5208	1	1
5212	3	228
5214	1	21
5218	1	21
5219	2	13
5221	1	111
5228	2	25
5232	1	107
5233	2	11
5236	1	8
5238	1	21
5239	1	126
5241	1	21
5242	1	31
5244	1	37
5249	1	19
525	1	21
5250	2	31
5251	1	21
5252	1	19
5255	4	179
5256	1	28
5261	1	31
5264	1	22
5270	1	1
5275	1	123
5276	1	56
5279	1	1
528	2	41
5281	2	21
5282	1	156
5283	1	111
5286	1	108
5287	2	24
5290	1	6
5291	1	100
5294	1	1
5301	1	39
5307	1	11
5314	1	21
5317	1	21
5323	1	11
5324	1	11
5325	1	131
5326	1	21
5327	1	31
5328	1	1
5329	1	116
533	1	148
5331	1	39
5334	1	18
5335	1	31
5341	1	61
5349	1	21
5351	1	21
5352	1	19
5354	1	23
5356	1	9
5363	1	11
5366	1	31
5368	3	34
537	1	121
5370	1	18
5374	1	31
5378	1	51
5379	1	16
5381	1	16
5383	1	11
5385	1	19
5390	1	1
5392	5	66
5394	1	19
5398	2	141
5399	4	99
54	1	138
5403	1	11
5404	2	71
5405	1	10
5410	2	15
5418	1	119
5419	1	21
5421	1	31
5423	1	113
5424	1	138
5427	1	11
5429	1	31
5430	1	11
5431	1	21
5432	4	152
5437	1	11
5439	1	111
5443	1	14
5447	1	6
5449	1	31
545	1	28
5450	2	169
5452	1	14
5453	1	21
5455	1	14
5456	1	38
5460	2	25
5466	1	131
5467	1	21
547	1	166
5471	1	21
5472	4	145
5473	1	21
5477	1	11
5478	1	6
5483	1	11
5484	1	1
5485	2	193
5488	1	113
549	5	323
5491	1	6
5500	2	21
5502	2	41
5503	1	31
5504	2	135
5506	2	11
5512	1	21
5514	1	1
5516	2	111
5518	1	121
5519	2	111
552	1	101
5520	1	21
5521	1	31
5524	1	11
5525	2	8
5528	1	6
553	3	433
5531	1	16
5532	1	101
5538	1	119
554	1	123
5542	1	111
5545	1	21
5546	2	31
555	4	140
5552	1	1
556	1	79
5565	1	21
5571	3	160
5574	2	141
5577	2	125
5578	1	16
5579	3	125
5580	1	21
5582	2	148
5583	1	119
5585	1	46
5586	1	121
5587	1	66
5589	1	116
559	1	51
5590	1	138
5592	1	6
5594	2	131
5597	1	23
5598	1	11
5599	1	41
5603	3	191
5604	1	21
561	3	183
5612	1	21
5614	1	1
5619	1	4
5624	1	116
5628	1	11
5629	2	146
5630	2	13
5632	2	134
5633	3	51
5634	2	131
5637	2	195
5639	3	213
5645	2	23
5646	1	11
5647	3	138
565	1	188
5651	1	26
5656	1	11
5661	1	106
5666	1	131
5669	1	101
567	1	121
5672	2	21
5673	3	115
5678	1	121
5680	1	132
5687	1	153
5689	1	100
5691	2	113
5694	1	31
5695	1	118
5698	1	1
5701	1	21
5710	1	21
5713	1	1
5718	1	18
5720	1	28
5724	1	21
5727	1	11
5730	1	18
5732	1	56
5733	1	21
5735	2	11
5737	1	11
5739	1	1
5742	2	127
5743	1	33
5751	1	108
5755	1	113
5762	1	21
5767	4	62
5768	1	76
5769	1	31
577	5	404
5770	1	21
5774	1	14
5775	2	140
5776	1	176
5780	2	1
5781	1	11
5785	1	11
5787	1	131
5790	1	16
5791	1	142
5793	1	139
5795	1	9
58	1	151
580	4	226
5800	1	46
5801	1	101
5804	1	8
5812	2	11
5813	1	106
5817	1	16
5818	1	105
5819	1	119
5820	1	143
5825	1	4
5828	1	1
5832	3	42
5833	1	113
5834	2	11
5836	1	11
5839	1	6
5841	2	24
5842	1	11
5845	1	11
5846	1	31
5848	1	11
5851	1	103
5853	1	1
5856	1	1
5857	1	1
5862	2	1
5863	2	213
5865	1	11
5872	1	16
5874	1	11
5877	1	21
5879	1	111
588	4	151
5883	1	1
5889	1	101
5892	1	16
5896	2	40
5898	1	56
5899	2	113
59	2	229
5900	1	156
5909	1	1
5911	1	11
5912	1	11
5913	1	11
5918	1	121
5921	1	13
5924	3	141
5927	1	153
5931	1	21
5938	2	116
5939	1	1
5940	1	11
5941	1	9
5942	3	261
5943	1	26
5944	1	11
5946	1	11
5947	2	181
5948	1	9
5949	1	39
5950	1	11
5952	1	1
5955	1	31
5957	1	11
5967	1	21
5972	1	21
5973	1	11
5978	4	56
5979	1	6
5980	1	24
5984	1	11
5987	1	11
5988	1	1
5990	1	113
5994	1	1
5997	1	11
5999	1	1
6001	2	11
6002	1	11
6004	1	11
6005	1	128
6006	1	6
6007	4	213
601	1	146
6010	1	4
6014	1	1
6016	2	110
6017	4	19
6021	1	226
6022	1	71
6023	2	131
6025	1	16
6028	1	106
6029	1	11
603	3	61
6037	1	21
6038	1	11
6040	4	61
6042	1	9
6043	1	1
6046	1	119
6050	1	11
6052	2	41
6053	1	21
6055	1	11
606	3	253
6060	1	138
6064	1	11
6066	1	113
6068	1	111
6069	1	19
6070	2	46
6072	1	103
6076	1	7
6079	1	150
6085	1	1
6087	1	11
609	1	131
6096	1	106
6097	2	31
6098	1	1
6099	1	1
61	1	121
6101	1	6
6103	1	31
611	2	121
6111	1	11
6112	1	101
6116	1	1
6121	1	118
6124	1	1
6128	1	31
6134	1	11
6135	1	27
6139	1	11
6140	1	11
6142	1	108
6144	1	123
6145	3	156
6146	1	126
6150	3	181
6152	3	74
6153	1	109
6155	1	11
6156	1	11
6163	1	36
6165	2	86
6170	1	21
6172	1	6
6177	1	71
6179	1	31
6180	1	6
6181	1	111
6182	1	33
6185	1	1
6187	1	11
6193	1	1
6194	2	31
6197	1	141
6199	1	134
6201	2	171
6209	1	118
6210	1	1
6211	1	11
6213	3	81
6216	1	6
6217	2	31
6219	2	1
622	2	195
6224	1	6
6229	1	19
6234	1	46
6243	2	61
6247	1	6
6254	3	46
6259	1	6
6263	2	17
6265	1	108
6266	1	11
6267	1	21
6268	1	6
6269	1	138
6272	1	6
6277	1	11
6279	1	14
6281	1	19
6282	1	121
6288	1	11
6289	1	11
6293	1	18
6294	1	1
6298	1	46
63	4	344
6302	1	16
6303	1	106
6305	1	111
6306	1	6
6311	1	41
6314	2	83
6315	1	9
6316	1	21
6319	1	111
632	1	341
6321	1	121
6325	1	1
6326	1	21
6327	1	128
6332	1	1
6334	1	11
6338	1	1
6340	1	26
6342	1	1
6343	1	1
6344	1	1
635	2	138
6353	1	31
6354	1	26
6355	1	1
6358	5	199
6363	3	31
6368	1	1
6372	1	18
6375	1	11
6376	1	129
6379	1	1
6380	1	21
6386	1	26
6388	1	1
6396	1	1
6399	1	28
64	2	81
640	2	225
6401	1	1
6406	1	156
6407	4	301
6411	4	154
6414	1	108
6415	1	1
6419	4	73
6425	2	61
6426	1	101
6427	1	41
6432	1	11
6438	1	11
6440	1	6
6443	1	11
6445	1	41
6446	1	11
645	1	111
6455	2	26
6457	1	26
6458	1	111
6461	1	11
6464	2	61
6473	1	1
6475	1	108
6476	1	126
6480	1	11
6489	1	26
6494	1	1
6498	1	11
6501	1	1
6502	1	1
6503	1	11
6509	1	11
651	1	41
6513	1	1
6521	2	23
6522	1	11
6525	1	116
6527	1	1
6528	1	1
6530	1	11
6533	1	133
6536	1	1
6538	1	39
654	2	80
6541	4	46
6546	1	108
6547	2	163
655	2	191
6551	1	16
6553	1	16
6554	1	146
6555	1	21
6557	1	111
6558	1	18
6559	1	11
656	5	163
6561	2	128
6562	1	21
6566	1	121
6569	1	1
6572	1	11
6573	1	111
6574	1	18
6576	1	31
6577	1	7
6579	1	1
6582	1	11
659	1	21
6593	1	16
6596	1	101
6598	1	11
6614	2	30
6618	1	6
6620	1	1
6621	1	1
6622	1	111
6623	1	108
6624	1	11
6625	1	1
6628	1	6
6629	1	1
6633	1	11
6634	1	26
6635	1	56
6636	2	31
6638	5	21
6640	1	103
6644	1	16
6646	4	171
6648	1	21
6650	1	26
6653	1	14
6656	1	11
6658	1	26
6665	1	21
6668	2	11
6669	1	111
6675	1	11
6680	1	15
6681	1	16
6682	1	9
6686	2	31
6687	1	13
6689	1	1
6690	1	21
6696	1	28
6698	1	35
6699	1	6
670	2	133
6716	1	21
6717	1	18
6718	1	111
6719	1	11
6722	1	23
6724	3	29
6725	1	1
6726	2	31
6736	1	11
6737	4	61
6738	1	106
6742	1	11
6744	1	46
6748	1	101
6750	1	11
6755	1	21
6758	1	8
6762	1	26
6767	1	121
677	2	195
6771	1	76
6774	1	118
6779	2	156
6782	5	71
6785	5	333
6789	1	21
679	4	254
6792	2	128
6799	1	11
680	1	138
6804	1	11
6806	1	1
681	2	101
6812	1	16
6816	1	1
6819	2	116
6820	1	11
6824	1	11
6829	1	1
6830	1	101
6837	1	101
6838	1	118
6840	1	6
6845	2	126
6855	1	18
6858	1	11
6864	1	1
6867	2	1
6869	2	1
6876	1	1
6883	1	116
6889	1	21
6891	1	11
6892	1	101
6897	1	11
6898	1	1
690	5	638
6903	2	9
6906	4	31
6908	1	1
6914	1	1
6915	1	31
6920	1	1
6921	1	28
6925	1	11
6927	1	8
6928	1	107
6932	1	1
6933	1	11
6937	1	121
6942	1	123
6944	1	23
6947	5	376
6956	1	1
6958	1	6
6966	1	11
6968	1	9
6973	1	11
6976	1	106
6977	1	13
6978	3	156
6979	1	1
698	3	186
6985	1	11
6989	1	6
6994	5	255
6996	1	116
6997	1	11
6999	3	33
7001	1	29
7002	1	138
7006	1	21
7010	1	13
7019	1	41
7025	1	13
7028	1	116
7030	1	1
7033	1	1
7035	4	464
7036	1	6
704	1	168
7045	1	11
7048	2	31
7049	1	6
705	2	166
7053	1	6
7055	1	29
7056	1	148
7057	1	13
7058	2	134
7062	1	1
7063	1	11
7068	1	6
7069	2	111
7073	1	8
7079	1	31
7081	1	116
7086	1	41
7088	1	1
7090	1	6
7093	1	1
7095	1	3
7096	1	13
7097	1	138
7101	1	113
7104	1	11
7105	1	21
711	1	116
7111	1	123
7112	1	46
7116	2	171
7118	4	166
7119	1	3
7120	1	1
7131	1	11
7132	2	11
7135	1	6
7136	3	21
7147	1	6
7150	1	106
7156	1	33
7158	1	11
7159	1	6
716	1	141
7164	1	1
7165	3	36
7166	1	16
7174	1	1
7175	1	1
7178	1	1
718	1	168
7182	1	1
7187	1	21
7188	1	6
7196	1	11
7198	1	26
7202	1	31
7213	2	151
7214	1	1
7218	1	29
7222	4	11
7225	1	113
7227	1	1
723	2	163
7230	1	16
7234	2	21
7237	1	1
7241	1	1
7244	1	11
7247	1	11
725	1	108
7259	3	116
7260	2	111
7262	1	1
7263	1	101
7264	1	1
7272	1	16
7275	1	11
7277	1	16
728	1	131
7280	1	1
7282	1	11
7295	1	16
7296	1	6
7297	1	11
7298	1	1
7299	2	128
7302	1	21
7303	1	8
7304	1	4
7305	5	124
7306	1	118
7310	1	31
7311	1	11
7313	1	11
7314	2	1
7315	2	121
7320	1	16
7324	2	115
7327	1	18
7329	1	11
7330	1	31
735	2	218
7351	1	46
7356	1	21
7358	1	6
7359	1	1
7361	1	171
7365	1	1
7372	1	6
7373	1	21
7387	3	41
7391	1	6
7393	1	31
7394	1	21
7397	1	108
7399	1	1
740	1	99
7404	1	3
7408	1	19
742	2	200
7424	1	31
7428	1	1
7429	1	16
7433	3	31
7435	1	51
7439	1	11
7443	1	1
7445	3	174
7446	2	11
7449	1	1
745	1	134
7454	1	11
7460	1	21
7463	1	6
7466	1	108
7468	1	11
7469	1	11
7470	1	11
7471	1	6
748	4	197
7487	1	121
7489	1	1
7493	2	11
7495	2	1
7498	1	103
7509	1	1
751	2	189
7515	1	11
7516	1	1
7518	1	19
7529	1	1
7530	1	1
7541	1	1
7551	1	101
7554	1	21
7555	1	31
7563	1	41
7567	1	11
7572	1	116
7573	4	59
7579	1	1
7580	1	11
7589	1	16
7590	1	1
7591	1	101
7592	1	1
7597	1	26
760	4	261
7601	1	46
7604	2	81
7605	1	111
7609	1	48
7611	1	1
7613	1	108
762	4	153
7625	1	6
7629	4	49
7630	1	11
7634	1	1
7636	2	143
7637	1	1
764	1	121
7640	1	21
7643	1	1
7644	2	1
7645	3	41
7648	3	21
765	1	101
7651	1	111
7657	2	118
7660	1	111
7661	1	6
7663	3	191
7664	2	151
7667	1	143
767	2	169
7675	2	109
7678	1	1
7680	1	13
7687	1	104
7688	1	21
7694	1	1
7696	1	1
7698	1	131
77	2	41
7702	1	1
7711	1	231
7721	1	6
7722	1	9
7724	5	466
773	2	196
7736	1	1
774	1	21
7741	4	134
7743	1	1
7744	2	21
7745	1	1
7746	1	6
7753	1	16
7755	1	18
7756	1	106
7764	1	151
7768	3	332
7770	1	6
7771	1	11
7774	1	1
7775	1	1
7776	1	1
7779	1	21
778	1	113
7780	1	106
7786	1	1
7789	1	16
779	1	136
7790	2	99
7795	1	193
7799	1	11
780	3	171
7802	1	16
7803	1	108
7804	1	1
7805	1	11
7808	2	1
7811	2	18
7817	1	31
7818	1	101
7821	1	28
7824	1	1
7825	1	113
7832	1	1
7833	1	1
7835	1	6
7837	1	126
784	1	153
7840	1	6
7842	1	11
7847	1	11
7850	1	11
7859	1	118
7862	1	11
7863	2	1
7865	1	6
7873	3	206
7875	2	29
7880	2	21
7881	1	101
7884	1	28
7888	1	6
7891	1	11
7893	1	1
7895	1	21
7896	1	11
7899	1	13
790	3	201
7900	1	36
7901	1	1
7903	1	1
7904	1	6
791	1	101
7929	1	1
7931	1	1
7934	1	1
7945	1	11
7946	1	99
7948	1	6
7950	1	99
7957	1	28
7962	1	21
7964	1	1
7969	1	11
7975	1	1
7976	1	6
7978	1	124
798	1	131
7990	1	106
7992	1	31
7993	1	11
7997	1	1
7998	1	11
7999	4	66
80	1	138
800	1	346
8001	1	11
8003	1	11
8005	1	1
8006	2	116
8008	1	1
8020	1	1
8021	1	1
8025	1	11
8028	1	8
8029	1	113
8032	1	1
8037	1	108
8038	1	26
8039	1	11
804	2	171
8041	1	1
8042	1	11
8046	1	106
810	1	113
813	1	31
816	1	101
817	1	101
821	2	61
824	2	57
830	5	157
84	3	221
840	1	148
85	1	128
853	5	191
86	2	198
860	1	171
872	3	81
874	5	152
882	2	91
888	3	215
894	1	51
896	4	386
898	1	136
899	1	61
90	3	228
901	1	121
903	2	198
904	4	235
910	3	170
911	2	176
913	1	168
918	1	21
92	5	269
922	5	72
932	3	61
94	4	253
940	4	81
947	2	36
951	5	196
953	1	121
957	1	31
959	1	116
961	2	130
963	4	171
965	1	146
967	1	228
973	1	101
974	1	34
975	4	409
980	1	101
981	1	151
985	1	133
99	5	355
990	1	176
996	1	341
999	1	124
