-1	37	1
1036	93	4464
1047	16	653
105	20	994
1050	7	352
106	59	2861
1063	8	167
1067	7	295
1068	11	356
107	10	578
1089	31	982
1090	17	626
1093	17	658
1097	175	4537
11	10	784
1111	19	554
1116	10	385
1119	10	273
1127	11	307
1131	27	832
115	6	312
1152	8	380
1158	48	1189
1165	12	599
1166	17	508
122	7	604
125	13	687
1259	393	17527
126	16	896
1266	9	144
127	18	842
128	10	517
1280	16	817
129	10	458
1297	104	3373
130	28	1446
131	10	842
1312	13	232
1316	7	532
132	72	3252
1331	7	331
1338	51	1284
134	95	3029
1342	44	1148
1349	7	207
1358	18	366
1361	6	172
1364	15	306
1373	32	1427
1419	8	359
1440	10	329
1442	109	5253
1446	24	1092
1458	12	214
146	6	536
1466	8	215
147	6	340
1473	39	1164
1474	8	377
1487	291	10801
1494	10	366
1502	7	234
1509	65	4276
153	29	1170
1547	18	354
1552	6	200
157	96	7093
1584	733	28559
1588	108	4380
1592	13	245
1593	15	489
1610	16	464
1620	10	331
1628	8	203
163	153	6050
1635	31	595
1636	10	375
1657	6	279
166	13	530
167	8	1003
1674	9	404
1682	8	300
1683	16	492
1686	7	193
1689	10	659
169	6	391
17	38	2212
1717	18	508
174	9	265
178	11	741
1802	19	603
181	8	373
1819	6	244
183	23	629
1835	10	609
1859	8	219
188	16	933
1896	27	974
19	56	2022
1928	6	281
1944	34	1002
1998	89	2900
2001	21	694
2066	10	183
2077	58	2010
21	11	494
210	9	260
2102	17	634
213	137	9426
2146	17	301
2148	24	1048
2152	42	1601
2177	65	1941
2195	37	3798
2220	7	81
23	30	3251
2302	26	660
2334	23	802
2353	7	331
2355	292	12544
2357	15	487
2358	46	1817
2360	6	151
2362	24	859
2370	11	316
2396	11	419
2449	11	308
245	40	2619
2460	7	499
2476	14	431
25	14	799
251	6	171
2512	7	238
2513	17	407
2528	10	327
2539	12	386
2572	21	867
2583	9	96
2585	7	341
259	13	435
2596	7	276
2598	164	5695
2611	25	419
262	10	813
269	23	964
2707	6	478
272	9	436
2735	24	815
275	6	705
2760	7	71
2797	6	62
28	16	1333
2808	18	231
2817	8	235
2824	102	4186
2874	10	438
288	12	891
29	17	1191
2916	12	360
2918	9	323
293	6	355
295	11	546
2953	87	3248
2997	234	6222
30	83	4489
3016	18	467
3042	24	348
3047	29	1038
3052	9	409
3063	6	199
3068	18	335
3083	151	4415
3088	40	898
31	7	142
3111	16	571
3124	74	1969
3140	19	440
3151	6	209
316	6	291
3162	6	399
3189	23	414
32	21	2001
320	14	929
328	20	958
3291	16	399
33	10	875
3311	23	1045
3338	20	572
3361	9	283
3363	12	403
3380	9	210
3458	20	1103
3489	7	194
349	44	1140
3497	18	817
350	36	2982
3512	19	412
3559	6	73
3573	6	418
3582	31	1519
3631	29	546
3649	77	3145
3674	14	480
3675	8	116
37	14	553
3704	8	240
3777	53	1547
3844	51	2909
3851	6	132
389	14	918
39	11	396
3924	120	4864
3927	65	1308
3931	51	2725
394	12	849
3949	59	1907
3957	8	87
396	9	879
3985	60	1441
3992	6	106
4056	9	236
406	11	330
4126	30	999
4154	8	59
417	37	2170
4175	17	455
421	36	1421
4239	105	4127
424	57	2465
4243	14	459
425	139	8045
427	57	2814
4353	13	855
4378	7	167
444	23	803
4441	6	171
4446	9	203
4447	15	386
446	15	636
4461	6	159
4481	34	1706
4498	6	81
4534	19	2063
454	22	1719
4574	8	471
4644	24	834
4680	9	239
47	23	2484
472	36	1472
4723	7	144
4728	7	34
4808	76	2606
4908	17	476
496	6	168
4965	9	264
4975	76	794
4987	7	92
499	12	339
50	43	2134
5088	13	276
510	7	273
5161	13	391
5172	6	190
5202	12	93
5211	10	321
5237	58	2129
5247	12	588
5271	22	1093
5278	9	273
5316	11	337
5337	58	2038
5346	9	424
5360	10	264
5369	7	165
5371	10	545
5382	11	340
542	6	483
5433	45	1009
5459	15	498
5513	8	238
5526	32	937
5563	29	647
5567	10	216
5570	9	386
56	8	398
563	37	1638
5638	10	425
568	12	684
5688	28	651
5702	9	162
5740	10	327
5757	51	1860
5766	7	279
5843	11	528
5953	24	439
6	7	430
605	38	2697
607	29	1381
608	6	226
6081	6	66
615	7	588
6159	13	292
6169	11	177
62	6	466
6214	6	76
6244	6	53
628	11	486
6296	7	235
6299	15	504
634	9	660
638	17	1162
6420	18	151
6474	20	185
6486	7	235
6595	8	187
66	21	534
6678	12	374
67	15	984
675	117	4933
6760	7	335
6769	9	309
678	8	441
6795	13	553
68	6	493
683	49	3212
6894	6	198
69	18	792
6952	8	263
696	6	524
699	9	417
7	8	464
7044	14	535
7099	10	189
71	11	486
710	45	2445
7100	6	44
7106	8	353
715	8	233
721	10	316
73	18	1462
7309	13	285
7415	7	355
7416	15	387
7483	10	108
756	10	796
76	183	11353
770	7	89
7701	24	886
777	10	648
781	12	336
7814	7	86
79	51	1680
792	7	648
8	328	10857
820	17	1312
825	22	669
83	11	456
832	10	278
839	32	1465
846	23	1045
847	45	1278
859	12	760
87	11	962
871	18	352
9	10	713
907	7	378
908	49	2250
935	9	669
945	8	349
96	15	924
97	12	302
993	14	916
998	10	543
